кадров 10042 (418.4 с), взято 671 (порог новизны 6.0, пульс 10 с), рамка движения x 0.00–1.00, y 0.00–1.00
движение по секундам (средняя разница кадров ×10):
6 7 11 15 14 15 11 13 11 48 28 25 17 14 15 12 11 9 6 5 5 5 5 4 4 4 13 17 16 20 16 8 7 8 7 11 17 20 20 22 15 12 25 39 33 13 9 13 13 27 12 11 13 12 12 12 13 9 8 18 7 7 8 8 8 7 9 7 10 9 9 9 13 13 26 7 7 9 19 25 25 20 17 9 7 6 7 12 12 10 10 11 9 10 13 12 9 10 12 13 12 13 12 10 28 15 33 27 30 17 9 7 6 7 7 7 9 8 7 9 9 9 8 9 12 14 11 9 11 12 12 10 10 10 9 9 12 9 7 8 7 38 7 7 18 15 16 16 18 10 12 9 15 15 12 9 10 13 8 10 16 8 8 12 10 10 9 9 11 10 7 5 10 8 8 15 8 8 6 5 4 6 6 4 4 4 6 6 11 8 14 17 15 19 15 12 12 10 10 13 16 5 5 5 5 8 9 7 5 5 10 11 10 10 10 11 11 14 14 16 18 15 11 9 6 4 5 5 5 7 10 7 7 11 12 17 15 19 15 15 11 12 8 9 8 15 11 13 20 18 19 21 14 11 12 11 9 13 12 7 7 9 14 8 12 11 14 10 15 13 19 23 16 19 13 16 11 32 12 12 10 12 11 11 10 7 6 5 6 5 4 5 4 5 5 5 4 5 9 6 5 5 7 12 15 11 8 9 7 6 6 7 4 5 4 6 3 7 10 9 10 13 7 7 8 9 8 7 6 9 5 4 5 8 8 8 7 6 6 7 11 8 6 6 6 10 6 7 10 8 7 5 4 4 5 4 4 4 3 5 5 5 4 4 11 8 24 17 9 9 8 8 6 6 8 9 8 8 7 9 8 8 6 7 7 10 11 14 15 18 10 7 8 7 10 8 6 9 8 5 6 8 10 9 9 8 14 8 10 10 10 13 14 8 6 7 9 6

листы:
sheet_001.jpg:     0.0–    8.0 с
sheet_002.jpg:     8.2–   10.7 с
sheet_003.jpg:    11.0–   14.2 с
sheet_004.jpg:    14.6–   28.6 с
sheet_005.jpg:    28.9–   36.5 с
sheet_006.jpg:    36.8–   39.7 с
sheet_007.jpg:    39.8–   43.6 с
sheet_008.jpg:    43.7–   47.2 с
sheet_009.jpg:    47.5–   51.2 с
sheet_010.jpg:    51.8–   57.6 с
sheet_011.jpg:    58.2–   72.4 с
sheet_012.jpg:    72.7–   79.6 с
sheet_013.jpg:    79.8–   82.7 с
sheet_014.jpg:    83.2–   96.5 с
sheet_015.jpg:    97.3–  104.0 с
sheet_016.jpg:   104.9–  107.4 с
sheet_017.jpg:   107.5–  110.3 с
sheet_018.jpg:   111.0–  127.1 с
sheet_019.jpg:   127.7–  136.2 с
sheet_020.jpg:   136.7–  145.7 с
sheet_021.jpg:   145.9–  150.1 с
sheet_022.jpg:   150.5–  156.3 с
sheet_023.jpg:   156.9–  165.7 с
sheet_024.jpg:   166.1–  182.2 с
sheet_025.jpg:   186.8–  193.5 с
sheet_026.jpg:   193.7–  200.3 с
sheet_027.jpg:   202.1–  217.4 с
sheet_028.jpg:   217.8–  223.6 с
sheet_029.jpg:   224.5–  235.4 с
sheet_030.jpg:   235.6–  240.8 с
sheet_031.jpg:   241.2–  248.8 с
sheet_032.jpg:   249.0–  252.6 с
sheet_033.jpg:   252.8–  262.5 с
sheet_034.jpg:   262.8–  269.5 с
sheet_035.jpg:   269.8–  273.1 с
sheet_036.jpg:   273.2–  279.6 с
sheet_037.jpg:   281.3–  309.4 с
sheet_038.jpg:   311.5–  343.8 с
sheet_039.jpg:   345.3–  368.0 с
sheet_040.jpg:   368.4–  388.8 с
sheet_041.jpg:   389.2–  403.8 с
sheet_042.jpg:   406.0–  418.4 с

взятые кадры (время, новизна):
0.0(0) 1.7(6.0) 2.6(6.6) 3.0(6.2) 3.1(6.1) 3.4(6.1) 4.2(6.2) 4.8(6.2) 5.2(6.1) 5.5(6.3) 5.8(6.2) 6.2(6.0) 6.6(6.2) 7.1(6.7) 7.6(6.6) 8.0(7.1) 8.2(6.2) 8.8(6.0) 9.2(10.2) 9.3(11.8) 9.4(6.5) 9.6(11.3) 9.7(7.0) 9.8(6.6) 9.8(13.0) 9.9(11.5) 10.0(11.4) 10.0(12.6) 10.0(13.6) 10.2(7.2) 10.4(6.0) 10.7(6.5) 11.0(6.6) 11.1(9.3) 11.2(6.2) 11.2(6.3) 11.4(9.2) 11.6(7.4) 11.8(6.8) 12.0(6.4) 12.2(6.5) 12.4(6.2) 12.7(6.1) 13.0(6.7) 13.4(6.1) 13.8(6.2) 14.0(6.0) 14.2(6.7) 14.6(6.7) 14.9(6.6) 15.2(6.8) 15.7(6.2) 16.2(6.6) 16.8(6.1) 17.9(6.2) 23.2(6.0) 26.8(16.6) 27.1(6.1) 27.3(6.7) 27.6(6.4) 27.9(6.3) 28.1(6.3) 28.3(6.2) 28.6(7.2) 28.9(6.4) 29.1(6.8) 29.2(7.0) 29.5(6.5) 29.8(6.7) 30.1(7.2) 30.2(6.4) 30.5(6.5) 30.9(6.1) 31.9(6.1) 33.6(6.0) 35.3(6.3) 35.8(6.2) 36.1(6.0) 36.3(6.3) 36.5(6.8) 36.8(6.9) 37.0(6.8) 37.2(6.5) 37.4(6.7) 37.6(6.3) 37.8(6.7) 38.0(6.4) 38.2(6.1) 38.4(7.0) 38.6(6.6) 38.8(6.2) 39.0(6.2) 39.1(6.4) 39.3(7.4) 39.5(6.4) 39.7(6.8) 39.8(7.0) 40.0(6.1) 40.2(6.1) 40.4(6.2) 40.7(6.4) 41.2(6.2) 41.6(6.3) 42.1(6.5) 42.2(25.4) 42.5(7.0) 42.7(6.1) 42.9(6.3) 43.2(6.4) 43.2(10.0) 43.4(6.5) 43.6(25.9) 43.7(7.0) 43.8(6.4) 43.9(6.8) 44.0(6.3) 44.1(8.0) 44.2(8.0) 44.4(16.0) 44.4(21.7) 44.6(6.0) 44.9(6.4) 45.2(7.5) 45.5(6.1) 45.7(6.4) 46.2(6.0) 46.9(6.1) 47.2(6.3) 47.5(6.7) 47.8(6.2) 48.2(7.5) 48.5(6.3) 48.8(6.9) 49.1(6.0) 49.2(6.1) 49.4(7.1) 49.5(8.5) 49.6(6.5) 49.7(6.1) 49.8(6.3) 49.9(8.5) 50.2(6.1) 50.5(6.2) 51.2(6.0) 51.8(6.4) 52.1(6.0) 52.4(6.2) 52.7(6.1) 53.0(6.5) 53.4(6.1) 53.8(6.4) 54.1(6.1) 54.4(6.1) 54.8(6.2) 55.2(6.7) 55.7(6.2) 56.0(6.5) 56.3(6.5) 56.8(6.0) 57.6(6.0) 58.2(7.0) 59.1(26.3) 60.5(6.1) 63.1(6.0) 64.4(6.0) 65.9(6.1) 66.7(6.1) 67.7(6.1) 68.3(6.0) 68.9(6.1) 69.7(6.2) 70.3(6.1) 70.9(6.4) 71.5(6.3) 72.1(7.0) 72.4(6.0) 72.7(6.3) 73.0(6.5) 73.4(6.4) 73.7(6.2) 74.1(6.2) 74.2(45.6) 76.2(6.0) 78.0(6.0) 78.4(6.1) 78.6(6.7) 78.8(6.7) 79.0(6.2) 79.1(6.1) 79.2(6.2) 79.4(6.8) 79.6(6.9) 79.8(7.0) 79.9(6.7) 80.0(6.3) 80.2(6.6) 80.3(7.2) 80.5(6.7) 80.6(6.7) 80.8(6.4) 80.9(6.0) 81.1(8.4) 81.2(6.3) 81.5(6.7) 81.8(6.0) 82.0(6.2) 82.4(6.4) 82.7(6.4) 83.2(6.2) 84.0(6.0) 85.2(6.1) 87.2(6.0) 87.7(6.2) 88.6(6.1) 89.2(6.2) 90.7(6.0) 91.9(6.1) 93.2(6.0) 94.3(6.2) 94.6(6.1) 95.0(6.1) 95.5(6.3) 96.0(6.1) 96.5(6.1) 97.3(6.1) 97.8(6.0) 98.2(6.4) 98.6(6.4) 98.9(6.1) 99.3(6.7) 99.6(7.4) 99.9(6.2) 100.2(6.1) 100.6(6.1) 101.2(6.3) 101.6(6.0) 102.2(6.2) 102.6(6.1) 103.2(6.0) 104.0(6.0) 104.9(45.1) 105.5(6.4) 105.7(6.3) 105.9(6.8) 106.1(6.2) 106.2(7.6) 106.3(6.8) 106.4(7.0) 106.5(6.7) 106.6(6.1) 106.7(6.0) 106.8(7.0) 106.9(8.0) 107.1(7.6) 107.2(7.1) 107.4(7.3) 107.5(6.1) 107.7(6.5) 107.8(6.2) 107.9(6.7) 108.1(7.0) 108.2(7.6) 108.4(6.8) 108.6(7.2) 108.7(6.9) 108.8(7.7) 108.9(7.9) 109.0(6.1) 109.1(6.3) 109.4(6.7) 109.8(7.1) 110.3(6.0) 111.0(6.1) 112.2(6.1) 114.0(6.1) 116.2(6.2) 118.4(6.1) 120.0(6.1) 121.5(6.1) 122.3(6.1) 123.4(6.0) 124.0(6.0) 124.5(6.3) 125.3(6.0) 125.8(6.3) 126.1(6.5) 126.5(6.1) 127.1(6.1) 127.7(6.0) 128.2(6.1) 128.6(6.3) 128.9(6.2) 129.3(6.4) 129.7(6.0) 130.1(6.8) 130.5(6.2) 130.9(6.0) 131.3(6.0) 131.8(6.1) 132.3(6.1) 133.0(6.0) 133.5(6.1) 135.1(6.3) 136.2(6.1) 136.7(6.3) 137.2(6.0) 138.4(6.0) 140.8(6.1) 141.0(52.5) 141.2(6.5) 141.4(6.3) 141.6(6.2) 142.1(6.1) 143.2(6.0) 144.1(7.3) 144.2(6.1) 144.5(6.2) 145.0(6.2) 145.4(6.6) 145.7(6.5) 145.9(6.1) 146.1(6.2) 146.3(6.5) 146.5(6.6) 146.8(6.6) 147.2(6.4) 147.5(6.2) 147.8(6.8) 148.0(6.6) 148.1(6.5) 148.3(6.6) 148.5(6.5) 148.8(6.1) 149.1(6.2) 149.8(6.1) 150.1(6.1) 150.5(6.2) 151.0(6.0) 151.3(6.4) 152.0(6.1) 152.4(6.5) 152.6(6.8) 152.9(6.4) 153.1(7.5) 153.3(6.3) 153.5(6.3) 153.9(6.7) 154.2(6.5) 154.5(6.0) 155.0(6.1) 155.7(6.0) 156.3(6.2) 156.9(6.4) 157.3(6.0) 157.9(6.2) 158.6(6.0) 159.5(6.3) 160.2(6.1) 160.7(19.6) 161.4(6.1) 162.1(6.6) 162.9(6.1) 163.4(6.0) 163.8(6.3) 164.1(6.2) 164.5(6.4) 165.1(6.0) 165.7(6.0) 166.1(6.5) 167.3(6.0) 168.1(6.1) 168.6(6.7) 169.2(6.3) 170.1(6.1) 172.3(6.1) 172.9(6.3) 174.1(6.4) 175.2(6.2) 175.6(14.2) 176.5(6.1) 177.4(6.2) 178.1(6.1) 179.0(6.2) 182.2(6.1) 186.8(6.0) 188.2(6.1) 189.2(6.2) 189.8(6.2) 190.4(6.2) 190.7(6.1) 190.8(6.4) 191.2(6.6) 191.4(6.4) 191.6(6.8) 191.9(6.4) 192.4(6.3) 192.7(6.2) 192.9(6.3) 193.2(6.5) 193.5(6.1) 193.7(6.1) 193.8(7.3) 194.1(6.2) 194.3(6.0) 194.5(6.2) 194.8(6.2) 195.4(6.1) 195.9(6.3) 196.2(6.6) 196.8(6.2) 197.7(6.0) 198.1(6.3) 199.2(6.1) 199.6(6.2) 199.9(6.0) 200.3(23.3) 202.1(6.0) 205.2(6.4) 206.8(6.1) 207.4(6.1) 210.2(6.0) 210.8(6.3) 211.2(6.5) 211.8(6.1) 212.3(6.0) 212.9(6.0) 213.6(6.4) 214.8(6.2) 215.4(6.1) 216.2(6.1) 216.9(6.1) 217.4(6.0) 217.8(6.1) 218.1(6.8) 218.4(6.3) 218.8(6.4) 219.2(6.2) 219.6(7.4) 219.8(6.4) 220.0(21.3) 220.8(6.0) 221.0(6.3) 221.4(6.2) 221.7(6.5) 221.9(6.4) 222.2(6.2) 222.9(6.2) 223.6(6.0) 224.5(6.0) 227.2(6.1) 228.6(6.0) 229.6(6.5) 230.3(6.2) 230.7(6.0) 231.2(6.0) 232.3(6.0) 233.0(6.0) 233.5(6.0) 233.9(6.1) 234.2(6.4) 234.6(6.3) 235.0(6.5) 235.2(6.5) 235.4(6.4) 235.6(6.8) 236.0(6.2) 236.3(6.3) 236.7(6.3) 237.1(6.2) 237.2(6.8) 237.5(6.1) 237.7(6.3) 238.0(6.2) 238.3(6.5) 238.8(6.1) 239.2(6.2) 239.4(6.4) 239.7(6.4) 240.1(6.1) 240.8(6.2) 241.2(6.2) 241.5(6.3) 242.0(6.2) 242.6(6.1) 243.6(6.3) 245.1(6.0) 245.9(18.7) 246.4(6.5) 246.9(6.2) 247.2(6.7) 247.6(6.4) 247.9(6.3) 248.0(6.2) 248.2(6.2) 248.6(7.8) 248.8(6.6) 249.0(6.0) 249.2(6.4) 249.5(6.2) 249.7(6.7) 249.9(6.3) 250.2(6.3) 250.4(7.3) 250.6(6.6) 250.8(6.6) 251.2(6.3) 251.3(6.3) 251.5(6.6) 251.6(6.0) 251.9(6.1) 252.2(7.2) 252.6(6.2) 252.8(6.4) 253.1(6.3) 253.6(6.0) 254.2(6.4) 254.7(6.2) 255.1(6.2) 256.9(6.1) 257.4(6.5) 257.9(6.4) 258.4(6.9) 258.8(6.5) 260.0(6.3) 261.1(6.2) 261.9(6.1) 262.2(6.5) 262.5(6.3) 262.8(6.1) 263.6(6.2) 264.3(6.2) 264.8(6.6) 265.2(6.1) 265.8(6.1) 266.2(6.9) 266.6(6.6) 266.9(6.5) 267.2(6.3) 267.6(6.1) 268.2(6.5) 268.6(7.7) 268.8(6.6) 269.1(6.3) 269.5(6.1) 269.8(6.2) 270.2(6.4) 270.4(6.4) 270.6(6.7) 270.8(6.4) 271.0(6.1) 271.1(6.5) 271.3(6.4) 271.5(6.4) 271.7(6.1) 271.8(6.2) 272.0(6.9) 272.2(6.4) 272.8(6.4) 272.9(6.7) 273.1(6.1) 273.2(6.2) 273.5(6.2) 273.7(6.7) 273.8(6.3) 274.5(6.2) 274.8(6.5) 275.1(6.6) 275.2(6.8) 275.5(6.6) 275.8(6.1) 276.1(6.1) 276.6(6.0) 277.0(6.5) 277.3(54.7) 278.5(6.0) 279.6(6.0) 281.3(6.1) 282.1(6.2) 282.7(6.1) 283.5(6.1) 284.0(6.0) 284.9(6.2) 291.5(6.0) 298.7(7.0) 301.2(6.0) 303.5(6.1) 304.4(6.1) 305.1(6.3) 306.0(6.0) 307.1(6.0) 307.8(6.0) 309.4(6.1) 311.5(6.0) 315.5(6.8) 320.4(6.1) 322.5(6.2) 324.9(6.1) 327.1(6.1) 329.2(6.2) 329.6(7.9) 333.2(6.1) 335.6(6.1) 337.9(6.1) 339.5(6.1) 340.2(6.5) 340.8(6.1) 341.2(6.6) 343.8(6.1) 345.3(7.9) 348.6(6.2) 349.5(6.1) 359.5(4.8) 364.4(12.4) 365.2(6.6) 366.1(7.5) 366.2(6.4) 366.2(6.4) 366.4(7.9) 366.6(7.1) 366.8(6.5) 367.2(6.1) 367.4(6.7) 367.6(6.3) 368.0(6.2) 368.4(6.0) 370.4(6.0) 373.2(6.0) 375.0(6.0) 376.8(6.0) 380.4(6.0) 381.6(6.2) 384.0(6.0) 385.2(6.0) 385.8(11.0) 386.8(6.3) 387.5(6.1) 387.8(6.1) 388.1(7.8) 388.4(6.6) 388.8(6.0) 389.2(6.8) 389.4(6.3) 389.8(6.1) 390.1(6.2) 390.8(6.0) 391.7(6.1) 392.5(6.1) 393.3(6.1) 394.0(6.5) 395.5(6.0) 396.4(6.0) 397.5(6.0) 399.4(6.0) 401.3(6.0) 402.7(6.2) 403.8(6.0) 406.0(13.1) 408.0(6.1) 408.4(6.2) 409.4(6.1) 410.0(6.3) 410.8(6.0) 411.8(6.1) 412.4(6.1) 412.7(6.2) 413.2(6.3) 414.0(6.0) 415.1(6.0) 416.4(6.4) 418.2(6.0) 418.4(89.4)
