11620 -36.41 17.08
11640 -36.57 16.41
11660 -36.68 22.68
11680 -38.49 16.25
11700 -39.04 44.59
11720 -39.6 88.18
11740 -39.72 86.54
11760 -40.85 115.4
11780 -40.55 89.57
11800 -39.87 118.78
11820 -40.45 110.21
11840 -40.97 106.38
11860 -39.17 129.55
11880 -38.93 116.09
11900 -41.52 116.68
11920 -39.73 132.42
11940 -41.94 152.35
11960 -40.34 123.26
11980 -41.54 112.73
12000 -40.54 127.57
12020 -39.6 113.79
12040 -40.17 91.89
12060 -39.32 113.46
12080 -40.77 108.72
12100 -40.74 120.46
12120 -41.89 125.78
12140 -40.61 139.72
12160 -41.76 143.98
12180 -42.09 165.34
12200 -38.91 nan
12220 -41.4 135.97
12240 -40.9 163.45
12260 -39.9 149.1
12280 -40.71 146.89
12300 -41.01 146.81
12320 -40.41 138.2
12340 -40.95 189.82
12360 -41.73 212.2
12380 -41.17 121.14
12400 -40.73 143.43
12420 -41.21 134.62
12440 -41.05 102.11
12460 -41.39 131.89
12480 -40.02 137.73
12500 -41.91 168.3
12520 -40.62 180.75
12540 -39.09 193.03
12560 -40.95 224.13
12580 -40.54 194.35
12600 -41.43 200.96
12620 -42.71 273.77
12640 -40.59 252.54
12660 -41.82 273.89
12680 -40.92 157.84
12700 -42.27 226.64
12720 -41.82 200.75
12740 -41.95 235.23
12760 -41.06 175.41
12780 -39.86 129.67
12800 -40.17 105.39
12820 -40.36 84.25
12840 -39.88 88.17
12860 -38.98 40.51
12880 -39.81 46.03
12900 -40.11 40.7
12920 -39.42 44.12
12940 -37.79 36.89
12960 -38.25 42.57
12980 -39.11 36.87
13000 -38.96 30.94
13020 -39.87 34.68
13040 -39.55 53.91
13060 -39.49 50.08
13080 -40.52 41.12
13100 -39.77 46.04
13120 -40.57 61.6
13140 -40.17 47.8
13160 -41.51 63.96
13180 -40.08 53.83
13200 -40.53 55.73
13220 -40.1 68.96
13240 -40.58 61.6
13260 -39.45 42.82
13280 -39.3 38.58
13300 -38.97 33.44
13320 -39.03 39.22
13340 -39.35 36.55
13360 -39.07 39.34
13380 -38.56 29.81
13400 -38.36 34.58
13420 -38.76 38.65
13440 -38.14 30.06
13460 -38.56 34.37
13480 -38.79 32.35
13500 -38.33 41.72
13520 -37.74 30.55
13540 -38.08 33.21
13560 -38.29 30.84
13580 -38.99 41.58
13600 -39.36 38.73
13620 -39.64 71.51
13640 -40.05 63.5
13660 -39.21 48.43
13680 -39.09 45.46
13700 -38.67 35.58
13720 -38.93 31.76
13740 -37.66 32.63
13760 -38.45 28.88
13780 -39.42 30.59
13800 -38.81 33.82
13820 -37.86 34.49
13840 -39.05 37.87
13860 -37.96 32.41
13880 -38.0 32.05
13900 -38.43 33.31
13920 -38.21 32.48
13940 -38.61 27.78
13960 -38.03 36.63
13980 -39.99 51.84
14000 -39.03 57.81
14020 -39.73 77.59
14040 -40.21 99.93
14060 -39.9 87.28
14080 -40.94 41.79
14100 -38.05 34.76
14120 -38.34 32.4
14140 -38.01 29.0
14160 -38.68 27.55
14180 -38.04 36.35
14200 -37.59 30.27
14220 -37.46 31.09
14240 -38.42 26.42
14260 -37.76 27.22
14280 -37.19 38.51
14300 -37.13 28.09
14320 -37.05 23.88
14340 -37.54 30.86
14360 -36.81 25.69
14380 -37.49 30.57
14400 -36.07 30.04
14420 -37.17 31.86
14440 -37.29 30.91
14460 -37.04 30.43
14480 -36.86 29.16
14500 -36.26 30.65
14520 -36.11 35.2
14540 -36.14 26.8
14560 -36.14 27.47
14580 -36.98 26.88
14600 -35.81 25.84
14620 -36.74 33.62
14640 -37.48 36.92
14660 -37.52 33.51
14680 -37.97 48.65
14700 -40.64 94.83
14720 -41.96 124.63
14740 -42.47 152.43
14760 -40.81 141.22
14780 -41.03 176.65
14800 -39.92 141.62
14820 -40.68 146.64
14840 -42.44 159.28
14860 -40.78 168.68
14880 -41.18 180.47
14900 -40.14 185.46
14920 -41.47 165.14
14940 -41.76 186.27
14960 -41.65 170.82
14980 -40.88 173.6
15000 -42.61 222.13
15020 -42.37 260.12
15040 -41.54 187.59
15060 -43.17 181.56
15080 -39.98 192.26
15100 -43.51 221.39
15120 -42.76 245.42
15140 -40.12 173.0
15160 -42.26 197.67
15180 -42.99 189.27
15200 -42.08 236.66
15220 -40.57 224.0
15240 -43.57 245.49
15260 -40.55 215.99
15280 -44.91 220.43
15300 -41.99 263.44
15320 -41.29 181.81
15340 -42.08 154.93
15360 -40.75 150.95
15380 -40.66 178.94
15400 -40.04 182.94
15420 -43.26 199.59
15440 -42.38 206.52
15460 -42.89 nan
15480 -41.61 181.88
15500 -41.95 205.26
15520 -43.57 190.77
15540 -41.88 154.65
15560 -43.21 172.21
15580 -44.56 220.03
15600 -42.31 190.64
15620 -42.15 175.93
15640 -42.12 165.73
15660 -42.2 214.99
15680 -40.39 244.67
15700 -43.5 219.36
15720 -43.08 175.58
15740 -44.63 178.46
15760 -42.79 198.69
15780 -44.02 271.9
15800 -43.85 190.19
15820 -40.21 195.78
15840 -41.7 188.85
15860 -41.15 224.32
15880 -40.81 158.79
15900 -43.15 242.99
15920 -42.98 245.55
15940 -41.55 188.06
15960 -40.53 196.44
15980 -41.6 271.87
16000 -41.94 285.79
16020 -42.3 247.22
16040 -41.42 212.62
16060 -41.29 267.22
16080 -42.99 264.61
16100 -44.97 315.96
16120 -43.25 261.51
16140 -40.35 269.62
16160 -43.59 292.57
16180 -41.86 313.92
16200 -41.64 295.54
16220 -44.27 nan
16240 -39.89 238.34
16260 -42.36 218.47
16280 -41.99 297.71
16300 -40.71 217.19
16320 -42.1 211.14
16340 -42.33 254.25
16360 -42.5 221.05
16380 -39.74 242.72
16400 -42.81 306.67
16420 -41.62 231.45
16440 -40.74 269.5
16460 -42.58 299.69
16480 -41.26 276.64
16500 -41.18 307.61
16520 -38.29 203.15
16540 -40.38 240.11
16560 -41.68 271.68
16580 -41.52 340.23
16600 -40.58 287.82
16620 -42.77 289.08
16640 -42.78 290.93
16660 -40.88 235.35
16680 -41.55 274.69
16700 -40.65 298.18
16720 -42.69 317.99
16740 -39.36 222.47
16760 -40.72 318.23
16780 -41.8 321.08
16800 -40.92 261.34
16820 -39.26 257.21
16840 -40.64 265.91
16860 -39.46 207.02
16880 -40.35 249.3
16900 -40.3 285.95
16920 -42.1 271.98
16940 -41.25 325.07
16960 -42.41 304.97
16980 -40.69 325.93
17000 -42.12 333.87
17020 -40.42 252.29
17040 -42.23 285.05
17060 -40.0 278.33
17080 -39.76 266.99
17100 -38.99 255.3
17120 -42.35 297.55
17140 -39.8 278.03
17160 -40.26 235.65
17180 -40.48 249.35
17200 -40.56 317.23
17220 -40.17 358.43
17240 -41.24 270.82
17260 -42.24 315.0
17280 -39.81 253.3
17300 -39.8 256.23
17320 -41.58 359.59
17340 -40.55 368.08
17360 -40.64 281.76
17380 -39.94 329.81
17400 -41.25 383.91
17420 -42.94 404.28
17440 -42.38 406.96
17460 -41.52 296.5
17480 -40.75 357.25
17500 -40.72 285.89
17520 -41.49 318.73
17540 -41.22 277.32
17560 -38.85 263.9
17580 -40.46 225.88
17600 -41.85 248.99
17620 -39.58 272.96
17640 -39.7 220.64
17660 -40.89 232.61
17680 -40.04 175.68
17700 -40.7 181.17
17720 -42.53 251.53
17740 -41.35 177.91
17760 -41.31 187.11
17780 -41.04 186.41
17800 -40.9 144.09
17820 -38.95 140.99
17840 -41.45 198.34
17860 -42.4 255.41
17880 -43.36 211.33
17900 -41.14 238.58
17920 -40.93 202.32
17940 -42.52 334.2
17960 -41.74 207.76
17980 -43.47 264.38
18000 -42.27 275.37
18020 -42.68 311.4
18040 -41.83 294.44
18060 -40.5 244.69
18080 -42.77 189.96
18100 -42.9 nan
18120 -42.77 231.6
18140 -42.99 205.55
18160 -40.6 207.06
18180 -40.68 176.66
18200 -40.98 234.77
18220 -42.25 257.44
18240 -41.83 231.2
18260 -41.63 238.78
18280 -44.35 229.17
18300 -42.17 236.47
18320 -40.74 190.62
18340 -43.78 260.76
18360 -42.4 168.15
18380 -43.02 249.75
18400 -42.35 220.12
18420 -41.89 169.72
18440 -42.12 183.79
18460 -42.25 154.66
18480 -42.82 192.12
18500 -40.04 158.27
18520 -42.21 216.0
18540 -41.75 144.13
18560 -39.92 142.55
18580 -40.92 185.93
18600 -42.85 190.72
18620 -41.37 182.22
18640 -40.41 188.16
18660 -40.96 187.19
18680 -40.12 175.4
18700 -41.7 213.7
18720 -41.13 213.86
18740 -41.01 213.82
18760 -42.66 223.59
18780 -42.25 172.86
18800 -41.46 171.22
18820 -41.24 200.77
18840 -40.87 184.97
18860 -41.97 156.09
18880 -40.39 163.82
18900 -40.26 188.96
18920 -42.36 328.26
18940 -42.09 208.16
18960 -40.85 217.32
18980 -42.11 173.73
19000 -41.29 225.83
19020 -42.16 208.0
19040 -40.04 172.98
19060 -42.61 175.21
19080 -41.81 135.01
19100 -42.03 186.3
19120 -41.5 240.55
19140 -42.48 200.96
19160 -42.75 300.45
19180 -41.38 208.96
19200 -43.74 244.37
19220 -42.52 232.37
19240 -40.54 233.57
19260 -43.75 202.17
19280 -41.23 192.62
19300 -42.72 236.75
19320 -40.42 165.57
19340 -41.28 136.0
19360 -41.68 136.29
19380 -41.75 157.25
19400 -42.86 171.84
19420 -43.07 196.49
19440 -42.36 220.74
19460 -40.85 185.74
19480 -41.35 169.1
19500 -42.17 177.11
19520 -41.37 185.99
19540 -42.65 nan
19560 -40.93 159.96
19580 -42.56 206.71
19600 -40.46 176.9
19620 -40.83 220.21
19640 -40.89 165.01
19660 -41.84 212.39
19680 -39.93 185.4
19700 -41.5 234.09
19720 -42.05 203.01
19740 -41.43 269.58
19760 -41.4 193.0
19780 -41.63 265.03
19800 -42.8 254.06
19820 -43.02 272.64
19840 -41.4 209.87
19860 -40.22 161.65
19880 -40.69 166.72
19900 -41.43 306.3
19920 -40.66 224.3
19940 -41.6 159.09
19960 -42.62 218.63
19980 -42.14 200.12
20000 -42.66 252.19
20020 -41.97 222.14
20040 -41.69 190.81
20060 -42.76 269.46
20080 -42.71 254.57
20100 -41.33 282.59
20120 -42.68 214.97
20140 -42.01 206.32
20160 -42.6 189.9
20180 -42.19 159.16
20200 -42.79 182.73
20220 -40.37 151.42
20240 -41.4 152.74
20260 -42.46 184.31
20280 -42.54 227.77
20300 -41.92 224.71
20320 -42.38 156.91
20340 -43.13 203.08
20360 -41.86 180.21
20380 -43.12 251.33
20400 -44.51 279.54
20420 -42.45 302.87
20440 -43.21 330.67
20460 -43.52 221.19
20480 -42.04 218.42
20500 -41.92 229.83
20520 -43.2 203.71
20540 -43.36 231.89
20560 -44.97 308.13
20580 -42.52 211.72
20600 -42.06 198.29
20620 -41.89 145.2
20640 -42.42 166.55
20660 -40.62 201.03
20680 -40.09 130.52
20700 -43.6 225.28
20720 -42.12 178.11
20740 -39.93 177.02
20760 -42.75 211.73
20780 -42.39 228.91
20800 -42.98 274.65
20820 -40.72 238.84
20840 -43.35 226.34
20860 -42.55 210.96
20880 -42.08 234.27
20900 -43.27 290.63
20920 -42.27 281.69
20940 -43.93 272.63
20960 -42.95 223.45
20980 -43.09 259.26
21000 -44.85 292.98
21020 -43.5 216.78
21040 -42.52 213.99
21060 -42.26 272.86
21080 -43.68 310.18
21100 -43.31 224.47
21120 -42.63 298.33
21140 -41.83 257.85
21160 -42.08 258.29
21180 -41.92 254.36
21200 -43.89 293.25
21220 -42.88 278.69
21240 -43.91 305.59
21260 -42.58 257.13
21280 -42.68 219.33
21300 -41.02 245.96
21320 -41.96 nan
21340 -42.42 nan
21360 -43.83 282.39
21380 -42.06 243.08
21400 -42.52 288.55
21420 -43.75 319.73
21440 -41.22 275.61
21460 -42.34 250.88
21480 -43.06 312.51
21500 -44.58 335.52
21520 -41.88 304.4
21540 -42.04 290.4
21560 -42.86 279.08
21580 -42.1 282.11
21600 -41.02 328.27
21620 -42.87 324.51
21640 -41.93 282.92
21660 -43.4 316.44
21680 -42.04 324.23
21700 -41.6 368.7
21720 -44.16 409.91
21740 -43.94 344.63
21760 -42.49 369.55
21780 -43.68 412.87
21800 -43.51 288.32
21820 -43.1 278.88
21840 -42.76 291.78
21860 -43.59 294.93
21880 -43.13 211.73
21900 -41.36 208.39
21920 -41.9 283.75
21940 -42.24 269.37
21960 -42.45 292.54
21980 -42.68 265.2
22000 -42.6 248.23
22020 -42.55 245.8
22040 -41.88 312.19
22060 -40.51 226.08
22080 -43.27 250.97
22100 -40.99 244.28
22120 -43.28 281.49
22140 -42.03 294.58
22160 -41.0 275.18
22180 -42.17 309.97
22200 -41.51 243.94
22220 -41.53 296.83
22240 -41.15 247.2
22260 -41.44 258.3
22280 -42.32 312.69
22300 -42.41 293.5
22320 -43.05 305.87
22340 -42.69 301.02
22360 -41.05 278.96
22380 -43.67 324.17
22400 -42.38 321.33
22420 -43.47 221.75
22440 -42.36 225.03
22460 -42.51 243.18
22480 -41.82 215.78
22500 -42.0 262.52
22520 -43.97 312.13
22540 -43.04 236.6
22560 -42.77 249.57
22580 -42.05 194.5
22600 -42.34 231.41
22620 -41.7 280.45
22640 -42.74 316.51
22660 -42.96 249.84
22680 -43.02 267.02
22700 -43.31 292.59
22720 -42.72 234.87
22740 -40.56 nan
22760 -40.83 244.85
22780 -40.19 208.74
22800 -42.56 245.05
22820 -41.26 242.22
22840 -42.21 261.25
22860 -41.82 238.83
22880 -43.69 290.65
22900 -42.37 283.01
22920 -41.04 129.15
22940 -42.02 123.85
22960 -40.35 116.49
22980 -41.31 128.39
23000 -41.83 153.84
23020 -42.79 172.08
23040 -42.06 217.52
23060 -41.94 236.53
23080 -42.18 241.24
23100 -43.6 283.55
23120 -43.04 285.57
23140 -42.03 237.95
23160 -41.85 252.99
23180 -42.78 310.02
23200 -41.48 247.36
23220 -41.17 194.04
23240 -41.93 140.89
23260 -41.22 121.03
23280 -40.28 102.18
23300 -39.11 85.5
23320 -40.34 57.9
23340 -40.04 88.83
23360 -41.21 128.56
23380 -42.47 212.38
23400 -42.83 346.66
23420 -44.36 381.3
23440 -42.78 457.18
23460 -42.41 456.56
23480 -41.87 554.97
23500 -42.04 698.16
23520 -44.64 546.21
23540 -44.12 639.92
23560 -44.64 570.34
23580 -44.25 685.87
23600 -41.8 632.82
23620 -44.75 nan
23640 -44.64 nan
23660 -42.81 486.29
23680 -43.13 630.95
23700 -44.55 626.41
23720 -45.29 573.73
23740 -43.41 595.6
23760 -41.51 492.99
23780 -44.11 648.37
23800 -43.95 586.0
23820 -43.84 891.54
23840 -44.14 732.06
23860 -44.13 nan
23880 -43.66 643.34
23900 -43.11 543.7
23920 -43.53 646.14
23940 -42.93 603.54
23960 -44.44 689.06
23980 -43.86 653.53
24000 -40.99 583.88
24020 -42.65 696.64
24040 -42.48 686.02
24060 -44.11 759.98
24080 -44.03 758.77
24100 -44.24 760.5
24120 -42.92 nan
24140 -44.3 nan
24160 -43.05 532.03
24180 -44.18 419.41
24200 -42.27 316.15
24220 -44.34 396.52
24240 -44.51 418.37
24260 -44.33 397.59
24280 -43.6 421.52
24300 -43.86 341.06
24320 -41.79 229.72
24340 -43.65 341.7
24360 -43.11 336.48
24380 -44.07 505.11
24400 -43.88 464.9
24420 -44.29 417.09
24440 -42.3 357.6
24460 -42.04 397.96
24480 -44.64 379.68
24500 -43.01 362.74
24520 -42.93 283.68
24540 -43.63 297.94
24560 -43.8 314.39
24580 -42.72 317.82
24600 -42.02 273.82
24620 -43.29 283.32
24640 -42.78 353.22
24660 -45.76 397.21
24680 -43.64 459.72
24700 -44.79 412.91
24720 -42.48 451.05
24740 -42.71 537.45
24760 -43.02 430.91
24780 -44.34 535.08
24800 -43.24 489.33
24820 -45.27 480.33
24840 -44.28 500.05
24860 -43.69 346.44
24880 -44.14 366.16
24900 -44.93 465.79
24920 -44.77 485.93
24940 -43.33 382.5
24960 -41.88 319.75
24980 -43.23 389.57
25000 -42.66 293.09
25020 -42.41 234.25
25040 -43.54 232.38
25060 -42.71 299.32
25080 -43.66 353.37
25100 -44.35 292.02
25120 -44.14 332.57
25140 -44.35 419.19
25160 -43.05 493.67
25180 -42.74 565.88
25200 -43.11 619.62
25220 -43.42 562.06
25240 -42.35 579.08
25260 -44.12 713.28
25280 -43.08 551.87
25300 -43.91 579.27
25320 -43.14 606.29
25340 -44.02 581.15
25360 -43.4 599.46
25380 -42.2 615.67
25400 -43.45 612.83
25420 -43.65 547.54
25440 -45.14 676.02
25460 -44.36 652.24
25480 -45.3 600.34
25500 -44.09 742.02
25520 -42.41 813.18
25540 -41.35 525.64
25560 -42.65 626.39
25580 -45.02 677.01
25600 -43.6 670.27
25620 -43.17 646.02
25640 -43.0 710.59
25660 -44.91 711.09
25680 -44.45 851.26
25700 -46.11 722.96
25720 -43.74 787.92
25740 -43.94 854.01
25760 -45.14 793.93
25780 -43.34 767.34
25800 -43.46 736.59
25820 -44.1 999.96
25840 -43.96 819.71
25860 -45.11 818.68
25880 -44.4 657.82
25900 -44.55 664.11
25920 -44.51 676.96
25940 -42.56 609.67
25960 -43.2 608.57
25980 -44.36 530.72
26000 -42.59 370.06
26020 -44.19 439.7
26040 -45.64 457.18
26060 -43.37 312.92
26080 -42.39 327.02
26100 -43.78 399.61
26120 -41.93 371.27
26140 -44.14 407.16
26160 -42.56 273.95
26180 -42.46 309.99
26200 -41.67 259.53
26220 -43.1 279.18
26240 -42.19 221.16
26260 -44.16 253.57
26280 -43.22 258.44
26300 -42.92 302.0
26320 -43.21 271.83
26340 -42.18 265.52
26360 -42.76 309.81
26380 -42.87 326.99
26400 -41.74 352.05
26420 -42.75 350.26
26440 -42.85 343.02
26460 -43.4 316.35
26480 -43.25 385.82
26500 -42.75 345.73
26520 -44.69 315.04
26540 -44.44 383.29
26560 -46.5 394.21
26580 -45.54 365.47
26600 -43.31 305.01
26620 -43.22 259.64
26640 -44.2 281.16
26660 -43.05 235.94
26680 -43.1 313.5
26700 -43.63 442.19
26720 -43.09 325.46
26740 -43.5 272.12
26760 -44.54 268.18
26780 -43.78 292.99
26800 -44.37 357.56
26820 -44.73 310.89
26840 -42.85 420.27
26860 -42.83 304.27
26880 -44.65 346.37
26900 -43.44 320.71
26920 -43.13 340.04
26940 -44.22 385.99
26960 -43.1 240.98
26980 -41.77 245.48
27000 -43.73 263.35
27020 -43.44 266.51
27040 -44.0 196.05
27060 -44.59 254.95
27080 -43.95 178.66
27100 -42.86 226.78
27120 -42.44 210.55
27140 -41.29 184.27
27160 -44.38 215.7
27180 -41.8 185.79
27200 -43.26 215.97
27220 -43.39 182.15
27240 -43.19 207.74
27260 -43.21 198.86
27280 -43.05 206.28
27300 -43.45 299.98
27320 -43.13 240.59
27340 -44.58 290.4
27360 -43.26 270.3
27380 -44.36 270.35
27400 -43.64 222.05
27420 -44.89 341.6
27440 -44.91 257.59
27460 -43.95 276.85
27480 -44.47 286.92
27500 -42.95 228.48
27520 -42.51 244.39
27540 -43.01 162.9
27560 -41.71 137.2
27580 -41.07 118.15
27600 -40.93 104.33
27620 -40.98 61.47
27640 -39.39 55.52
27660 -39.42 57.03
27680 -40.29 64.74
27700 -40.41 55.42
27720 -38.84 56.05
27740 -38.22 59.48
27760 -38.37 55.94
27780 -39.46 74.43
27800 -43.8 240.08
27820 -43.26 353.58
27840 -44.26 312.9
27860 -44.15 289.83
27880 -41.95 288.16
27900 -44.87 336.78
27920 -44.54 337.92
27940 -43.23 342.39
27960 -43.67 402.52
27980 -43.86 368.66
28000 -44.03 343.68
28020 -45.0 381.06
28040 -44.97 377.78
28060 -44.0 354.21
28080 -44.8 428.5
28100 -44.92 422.82
28120 -43.77 447.4
28140 -43.94 470.74
28160 -43.08 385.64
28180 -46.28 410.35
28200 -43.68 380.01
28220 -43.65 322.61
28240 -44.78 411.94
28260 -44.58 425.6
28280 -44.91 433.82
28300 -43.64 446.78
28320 -42.04 351.79
28340 -45.54 413.97
28360 -44.62 524.44
28380 -42.71 383.33
28400 -44.9 569.58
28420 -42.91 446.04
28440 -43.38 409.39
28460 -44.1 419.78
28480 -44.35 451.09
28500 -45.03 316.37
28520 -43.34 302.51
28540 -42.38 266.85
28560 -43.96 266.27
28580 -43.12 243.34
28600 -42.98 217.45
28620 -40.88 102.72
28640 -40.77 84.61
28660 -40.52 81.26
28680 -40.21 75.62
28700 -40.17 60.46
28720 -41.1 71.16
28740 -40.14 61.02
28760 -40.78 63.56
28780 -40.49 60.38
28800 -38.62 63.65
28820 -39.1 68.98
28840 -39.6 60.2
28860 -40.05 67.41
28880 -40.01 61.61
28900 -42.08 166.78
28920 -43.87 269.68
28940 -43.58 323.41
28960 -43.1 347.85
28980 -43.32 278.65
29000 -45.38 337.11
29020 -44.58 458.65
29040 -44.0 351.22
29060 -43.34 345.79
29080 -43.85 382.01
29100 -45.15 485.3
29120 -43.98 381.52
29140 -44.89 439.46
29160 -42.89 380.04
29180 -43.79 332.62
29200 -45.31 393.26
29220 -43.82 353.47
29240 -42.86 390.18
29260 -45.81 536.04
29280 -44.05 518.71
29300 -43.67 357.95
29320 -44.52 473.58
29340 -42.8 422.73
29360 -44.88 508.6
29380 -43.81 419.95
29400 -43.22 640.91
29420 -43.34 457.55
29440 -43.94 374.2
29460 -45.35 563.64
29480 -44.63 450.4
29500 -43.92 455.97
29520 -46.36 554.2
29540 -44.45 465.6
29560 -44.09 593.39
29580 -44.61 477.4
29600 -45.84 558.05
29620 -46.22 559.08
29640 -44.46 485.56
29660 -43.01 468.99
29680 -44.9 756.05
29700 -46.45 681.82
29720 -44.21 502.58
29740 -46.14 715.91
29760 -44.54 466.82
29780 -44.42 484.22
29800 -43.57 422.38
29820 -44.05 546.45
29840 -45.18 599.35
29860 -44.54 501.44
29880 -43.74 657.55
29900 -44.68 445.45
29920 -44.48 601.01
29940 -43.72 473.28
29960 -44.63 552.35
29980 -44.08 548.32
30000 -42.98 471.84
30020 -43.67 438.75
30040 -45.52 526.51
30060 -45.7 509.22
30080 -43.85 497.0
30100 -44.95 521.97
30120 -46.25 458.95
30140 -44.21 464.97
30160 -45.03 578.49
30180 -44.59 557.66
30200 -43.06 540.41
30220 -45.43 643.85
30240 -44.55 555.6
30260 -44.65 584.35
30280 -45.24 501.19
30300 -44.76 601.56
30320 -44.87 774.39
30340 -43.49 422.01
30360 -44.28 493.54
30380 -42.29 518.51
30400 -43.97 544.4
30420 -44.73 488.87
30440 -44.93 461.06
30460 -45.24 384.93
30480 -44.77 305.56
30500 -43.95 297.69
30520 -43.47 456.85
30540 -43.49 395.69
30560 -44.21 351.2
30580 -42.71 300.74
30600 -44.22 322.52
30620 -43.29 213.94
30640 -43.8 204.36
30660 -41.58 150.22
30680 -42.44 161.7
30700 -43.39 141.64
30720 -42.22 106.9
30740 -42.69 123.23
30760 -42.05 102.12
30780 -42.01 140.83
30800 -44.03 164.57
30820 -45.08 212.9
30840 -42.83 220.47
30860 -43.9 297.18
30880 -42.45 368.01
30900 -43.19 277.22
30920 -43.76 262.99
30940 -44.79 287.63
30960 -45.37 387.94
30980 -43.42 376.43
31000 -44.4 394.48
31020 -42.99 318.58
31040 -44.97 370.19
31060 -41.75 400.52
31080 -44.27 407.07
31100 -44.2 354.25
31120 -44.13 412.65
31140 -43.08 315.65
31160 -43.57 334.84
31180 -42.73 386.68
31200 -45.16 435.51
31220 -43.7 349.44
31240 -44.25 401.49
31260 -44.18 366.09
31280 -43.7 271.76
31300 -43.97 341.28
31320 -42.79 351.28
31340 -43.63 389.22
31360 -43.67 322.4
31380 -44.36 469.35
31400 -45.2 419.44
31420 -43.57 442.45
31440 -43.09 301.71
31460 -44.57 350.32
31480 -41.65 395.93
31500 -43.28 370.41
31520 -45.39 435.61
31540 -43.86 386.28
31560 -43.37 335.19
31580 -44.74 447.93
31600 -43.33 364.31
31620 -43.98 588.21
31640 -44.19 443.59
31660 -43.69 295.68
31680 -44.29 331.72
31700 -43.64 343.67
31720 -43.2 334.82
31740 -42.67 327.63
31760 -43.16 284.98
31780 -45.06 287.61
31800 -43.26 219.53
31820 -43.37 271.98
31840 -43.5 205.29
31860 -45.22 260.05
31880 -42.81 194.72
31900 -44.89 200.91
31920 -42.76 189.59
31940 -44.23 206.55
31960 -43.48 184.07
31980 -44.16 170.0
32000 -42.54 144.49
32020 -44.45 203.44
32040 -43.87 179.82
32060 -41.4 108.15
32080 -41.72 85.94
32100 -41.23 84.21
32120 -42.79 98.16
32140 -40.5 84.43
32160 -41.06 nan
32180 -40.69 69.97
32200 -40.85 66.15
32220 -40.59 62.03
32240 -39.86 64.65
32260 -40.34 71.14
32280 -40.7 54.66
32300 -40.51 53.29
32320 -40.7 60.18
32340 -40.42 62.15
32360 -40.44 65.5
32380 -39.83 60.57
32400 -39.04 64.07
32420 -40.38 50.5
32440 -39.61 63.75
