11650 -36.72 17.65
11700 -38.05 28.48
11750 -40.01 95.16
11800 -40.23 104
11850 -40.53 115.07
11900 -39.86 116.24
11950 -40.59 142.94
12000 -41.05 116.34
12050 -39.97 105.65
12100 -40.28 112.84
12150 -41.46 136.92
12200 -40.52 133.11
12250 -41.3 151.13
12300 -40.28 145.59
12350 -40.95 171.33
12400 -41.05 151.88
12450 -41.23 118.65
12500 -40.99 150.87
12550 -39.65 192.55
12600 -41.4 204
12650 -41.74 294.26
12700 -41.56 185.21
12750 -41.66 204.19
12800 -40.3 136.14
12850 -39.91 76.86
12900 -39.76 42.42
12950 -38.48 39.91
13000 -38.93 36.08
13050 -39.73 46.47
13100 -39.93 43.99
13150 -40.69 56.76
13200 -40.44 56.09
13250 -40.22 63.09
13300 -39.17 36.02
13350 -39.27 37.05
13400 -38.47 34.79
13450 -38.38 33.75
13500 -38.63 36.93
13550 -38.08 31.54
13600 -38.86 38.11
13650 -39.68 64.83
13700 -38.96 40.6
13750 -38.23 31.85
13800 -39.06 31.25
13850 -38.41 35.08
13900 -38.07 32.82
13950 -38.17 30.89
14000 -39.43 51.75
14050 -39.94 87.99
14100 -39.48 44.25
14150 -38.18 29.46
14200 -38.1 32.37
14250 -37.77 28.29
14300 -37.4 31.91
14350 -37.2 26.82
14400 -36.79 29.65
14450 -37.14 30.66
14500 -36.75 30.46
14550 -36.11 30.66
14600 -36.38 26.35
14650 -37.21 35.18
14700 -38.8 61.06
14750 -42.03 135.23
14800 -40.44 160.33
14850 -41.13 150.03
14900 -40.93 185.62
14950 -41.77 172.33
15000 -41.62 196.83
15050 -42.34 215.16
15100 -41.9 203.44
15150 -41.66 207.93
15200 -42.4 208.39
15250 -41.76 235.59
15300 -42.85 234.08
15350 -41.27 163.77
15400 -40.63 176.69
15450 -42.83 205.31
15500 -41.99 194.01
15550 -42.71 171.98
15600 -43.52 198.1
15650 -42.2 176.93
15700 -41.92 231.76
15750 -43.81 175.78
15800 -43.53 230.03
15850 -40.81 199.99
15900 -41.89 199.85
15950 -41.74 209.75
16000 -41.65 263.93
16050 -41.42 239.62
16100 -43.68 280.28
16150 -42.01 267.8
16200 -42.23 304.82
16250 -42.11 NaN
16300 -41.68 257.11
16350 -41.84 223.54
16400 -41.89 269.6
16450 -41.3 257.11
16500 -41.72 297.91
16550 -40.06 233.23
16600 -40.92 306.54
16650 -42.25 285.65
16700 -41.24 269.07
16750 -41.13 280.77
16800 -41.1 295.73
16850 -39.89 255.1
16900 -40.14 249.83
16950 -41.9 299.4
17000 -41.59 323.57
17050 -41.21 259.06
17100 -39.39 275.91
17150 -40.79 271.86
17200 -40.65 279.78
17250 -41.1 316.81
17300 -40.13 261.78
17350 -40.98 341.41
17400 -40.58 346.65
17450 -42.43 377.81
17500 -40.91 321.09
17550 -41.05 304.17
17600 -40.55 231.22
17650 -39.57 239.73
17700 -40.75 192.52
17750 -41.66 203.31
17800 -41.15 173.67
17850 -40.41 177.04
17900 -42.44 241.68
17950 -41.75 259.49
18000 -42.61 256.67
18050 -41.71 291.76
18100 -42.56 211.43
18150 -42.37 206.87
18200 -40.87 215.55
18250 -41.63 241.98
18300 -43.17 236.26
18350 -42.14 215.4
18400 -42.72 218.81
18450 -42.16 174.81
18500 -41.49 170.44
18550 -41.46 177.27
18600 -41.65 179.07
18650 -41.08 189.26
18700 -40.75 189.14
18750 -41.48 219.25
18800 -41.93 179.58
18850 -41.4 187.69
18900 -40.52 169.07
18950 -41.82 255.23
19000 -41.7 203.14
19050 -41.21 184.16
19100 -42.25 166.28
19150 -42.04 220.85
19200 -42.71 252.56
19250 -41.6 219.61
19300 -42.68 218.06
19350 -40.95 142.1
19400 -42.27 164.93
19450 -42.43 201.68
19500 -41.51 179.06
19550 -41.57 NaN
19600 -41.6 184.12
19650 -41.33 196.07
19700 -40.73 212.87
19750 -41.93 230.81
19800 -41.83 244.47
19850 -41.98 229.07
19900 -40.75 212.68
19950 -41.49 192.79
20000 -42.37 229.77
20050 -41.78 219.75
20100 -42.48 268.59
20150 -42.2 199.47
20200 -42.71 181.64
20250 -41.29 157.72
20300 -42.16 218.45
20350 -42.49 175.7
20400 -43.5 252.25
20450 -42.77 292.51
20500 -42.39 229.53
20550 -43.63 221.94
20600 -42.87 242.28
20650 -41.85 167.8
20700 -41.4 175.1
20750 -41.41 184.99
20800 -42.66 243.75
20850 -42.22 240.67
20900 -42.61 238.45
20950 -43.11 270.13
21000 -43.66 261.96
21050 -43.07 219.76
21100 -43.04 275.89
21150 -42.21 266.55
21200 -42.75 278.2
21250 -43.15 289.62
21300 -42.13 234.11
21350 -42.73 NaN
21400 -42.48 254.66
21450 -42.16 276.9
21500 -43.75 319.16
21550 -42.19 294.32
21600 -41.76 298.62
21650 -42.65 304.93
21700 -42.07 343.52
21750 -43.91 365.22
21800 -43.21 367.22
21850 -43.06 290.53
21900 -42.53 223.54
21950 -42.13 280.54
22000 -42.61 262.33
22050 -41.78 270.76
22100 -41.87 241.34
22150 -42.58 286.73
22200 -41.43 275.33
22250 -41.46 268.21
22300 -42.05 295.28
22350 -42.75 306.22
22400 -42.41 307.46
22450 -42.59 219.67
22500 -42.23 247.4
22550 -43.3 262.35
22600 -42.35 227.89
22650 -42.16 290
22700 -43.32 272.95
22750 -41.46 202.07
22800 -41.25 236.29
22850 -41.99 250.09
22900 -42.55 275.22
22950 -41.06 116.94
23000 -41.51 142.67
23050 -42.55 199
23100 -42.49 258.32
23150 -42.76 260.5
23200 -41.64 272.13
23250 -41.49 154.52
23300 -39.95 97.57
23350 -40.35 83.66
23400 -42.39 252.73
23450 -43.53 445.15
23500 -41.88 573.39
23550 -44.27 573.3
23600 -43.39 655.87
23650 -44.37 NaN
23700 -43.62 588.6
23750 -43.88 555.65
23800 -43.4 600.33
23850 -44.02 809.99
23900 -43.52 614.94
23950 -43.36 622.9
24000 -42.96 649.7
24050 -42.76 710.24
24100 -44.26 753.57
24150 -43.61 NaN
24200 -43.05 388.04
24250 -44.28 384.1
24300 -43.96 408.07
24350 -42.63 287.44
24400 -43.95 462.27
24450 -43.17 404.58
24500 -43.36 362.5
24550 -43.19 294.16
24600 -42.82 298.91
24650 -43.53 336.96
24700 -44.6 423.47
24750 -42.74 478.43
24800 -43.6 494.59
24850 -44.46 468.97
24900 -44.43 396.08
24950 -43.73 415.02
25000 -42.63 337.44
25050 -42.8 248.26
25100 -43.87 314.7
25150 -43.78 388.46
25200 -43.16 594.42
25250 -43.21 597.1
25300 -43.49 594.6
25350 -43.53 598.53
25400 -42.92 607.6
25450 -44.49 603.21
25500 -44.49 683.1
25550 -42.05 660.33
25600 -44.02 668.54
25650 -43.52 688.12
25700 -45.12 767.94
25750 -44.07 801.73
25800 -43.79 773.9
25850 -44.11 871.33
25900 -44.78 706.95
25950 -43.42 627.14
26000 -43.45 488.58
26050 -44.78 421.2
26100 -42.88 347.7
26150 -43.07 367.1
26200 -42.04 277.74
26250 -43.01 245.91
26300 -43.19 279.82
26350 -42.63 284.53
26400 -42.48 324.75
26450 -42.73 345.47
26500 -43.24 351.96
26550 -45.02 354.46
26600 -44.65 343.98
26650 -43.87 270.32
26700 -43.05 342.38
26750 -43.75 293.15
26800 -43.95 315.74
26850 -43.56 351.94
26900 -43.83 329.28
26950 -43.49 330.03
27000 -42.85 256.71
27050 -43.55 227.41
27100 -43.95 222.98
27150 -42.37 207
27200 -42.8 198.16
27250 -43 192.46
27300 -43.5 246.32
27350 -43.46 258.07
27400 -44.09 258.39
27450 -44.75 283.08
27500 -43.69 269.64
27550 -42.68 179.64
27600 -41.05 117.27
27650 -39.95 58.17
27700 -40.21 59.26
27750 -38.51 58.7
27800 -40.54 119.34
27850 -43.67 323.06
27900 -43.76 308.36
27950 -43.65 348.83
28000 -44.05 368.47
28050 -44.72 369.63
28100 -44.76 416.96
28150 -43.45 438.55
28200 -44.76 396.86
28250 -44.01 380.39
28300 -44.59 439.93
28350 -44.24 415.92
28400 -43.76 485.67
28450 -43.43 423.75
28500 -44.47 397.51
28550 -43.31 289.13
28600 -42.95 227.11
28650 -40.61 88.01
28700 -40.37 71.89
28750 -40.53 64.4
28800 -39.79 63.13
28850 -39.54 66.98
28900 -40.71 96.06
28950 -43.52 308.24
29000 -44.23 314.14
29050 -44.1 382.51
29100 -44.23 428.31
29150 -44 396.11
29200 -44.27 373.58
29250 -43.95 417.66
29300 -44.1 441.98
29350 -44.05 424.68
29400 -43.6 560.4
29450 -43.87 430.63
29500 -44.66 494.64
29550 -45.22 494.53
29600 -44.93 557.26
29650 -44.62 503.93
29700 -45.5 686.49
29750 -45.14 581.66
29800 -43.99 449.77
29850 -44.54 571.3
29900 -44.29 541.83
29950 -44.07 538.72
30000 -43.87 519.79
30050 -44.78 481.95
30100 -44.72 515.79
30150 -45.39 486.3
30200 -43.91 553.96
30250 -45.03 614.85
30300 -44.81 540.48
30350 -44.24 594.7
30400 -43.38 521.28
30450 -44.86 466.41
30500 -44.51 309.82
30550 -43.71 416.34
30600 -43.5 316.41
30650 -43.09 203.62
30700 -42.73 145.17
30750 -42.34 113.51
30800 -42.84 141.02
30850 -43.98 229.04
30900 -43.02 319.28
30950 -44.38 290.75
31000 -44.25 393.65
31050 -43.3 342.76
31100 -43.9 398.34
31150 -43.59 362.19
31200 -43.83 389.58
31250 -44.23 395.34
31300 -43.73 295.51
31350 -43.17 357.71
31400 -44.7 425.47
31450 -43.61 369.4
31500 -42.77 378.47
31550 -43.98 395.35
31600 -44.21 389.69
31650 -43.96 463.17
31700 -43.95 329.02
31750 -42.89 321.64
31800 -44.09 259.76
31850 -43.82 248.98
31900 -44.15 204.88
31950 -43.55 196.08
32000 -43.32 161.77
32050 -43.69 174.87
32100 -41.36 87.21
32150 -41.65 92.73
32200 -40.72 68.74
32250 -40.35 66.28
32300 -40.48 55.96
32350 -40.34 60.36
32400 -39.81 64.48
32450 -39.89 57
