11620 -36.41 17.08
11640 -36.57 16.41
11660 -36.68 22.68
11680 -38.49 16.25
11700 -39.04 44.59
11720 -39.6 88.18
11740 -39.72 86.54
11760 -40.85 115.4
11780 -40.55 89.57
11800 -39.87 118.78
11820 -40.45 110.21
11840 -40.97 106.38
11860 -39.17 129.55
11880 -38.93 116.09
11900 -41.52 116.68
11920 -39.73 132.42
11940 -41.94 152.35
11960 -40.34 123.26
11980 -41.54 112.73
12000 -40.54 127.57
12020 -39.6 113.79
12040 -40.17 91.89
12060 -39.32 113.46
12080 -40.77 108.72
12100 -40.74 120.46
12120 -41.89 125.78
12140 -40.61 139.72
12160 -41.76 143.98
12180 -42.09 165.34
12200 -38.91 NaN
12220 -41.4 135.97
12240 -40.9 163.45
12260 -39.9 149.1
12280 -40.71 146.89
12300 -41.01 146.81
12320 -40.41 138.2
12340 -40.95 189.82
12360 -41.73 212.2
12380 -41.17 121.14
12400 -40.73 143.43
12420 -41.21 134.62
12440 -41.05 102.11
12460 -41.39 131.89
12480 -40.02 137.73
12500 -41.91 168.3
12520 -40.62 180.75
12540 -39.09 193.03
12560 -40.95 224.13
12580 -40.53 194.35
12600 -41.43 200.96
12620 -42.71 273.77
12640 -40.59 252.54
12660 -41.82 273.89
12680 -40.92 157.84
12700 -42.27 226.64
12720 -41.82 200.75
12740 -41.95 235.23
12760 -41.06 175.41
12780 -39.86 129.67
12800 -40.17 105.39
12820 -40.36 84.25
12840 -39.88 88.17
12860 -38.98 40.51
12880 -39.81 46.03
12900 -40.11 40.7
12920 -39.42 44.12
12940 -37.79 36.89
12960 -38.25 42.57
12980 -39.11 36.87
13000 -38.96 30.94
13020 -39.87 34.68
13040 -39.55 53.91
13060 -39.49 50.08
13080 -40.52 41.12
13100 -39.77 46.04
13120 -40.57 61.6
13140 -40.17 47.8
13160 -41.51 63.96
13180 -40.08 53.83
13200 -40.53 55.73
13220 -40.1 68.96
13240 -40.58 61.6
13260 -39.45 42.82
13280 -39.3 38.58
13300 -38.97 33.44
13320 -39.03 39.22
13340 -39.35 36.55
13360 -39.07 39.34
13380 -38.56 29.81
13400 -38.36 34.58
13420 -38.76 38.65
13440 -38.14 30.06
13460 -38.56 34.37
13480 -38.79 32.35
13500 -38.33 41.72
13520 -37.74 30.55
13540 -38.08 33.21
13560 -38.29 30.84
13580 -38.99 41.58
13600 -39.36 38.73
13620 -39.64 71.51
13640 -40.05 63.5
13660 -39.21 48.43
13680 -39.09 45.46
13700 -38.67 35.58
13720 -38.93 31.76
13740 -37.66 32.63
13760 -38.45 28.88
13780 -39.42 30.59
13800 -38.81 33.82
13820 -37.86 34.49
13840 -39.05 37.87
13860 -37.96 32.41
13880 -38 32.05
13900 -38.43 33.31
13920 -38.21 32.48
13940 -38.61 27.78
13960 -38.03 36.63
13980 -39.99 51.84
14000 -39.03 57.81
14020 -39.73 77.59
14040 -40.21 99.93
14060 -39.9 87.28
14080 -40.94 41.79
14100 -38.05 34.76
14120 -38.34 32.4
14140 -38.01 29
14160 -38.68 27.55
14180 -38.04 36.35
14200 -37.59 30.27
14220 -37.46 31.09
14240 -38.42 26.42
14260 -37.76 27.22
14280 -37.19 38.51
14300 -37.13 28.09
14320 -37.05 23.88
14340 -37.54 30.86
14360 -36.81 25.69
14380 -37.49 30.57
14400 -36.07 30.04
14420 -37.17 31.86
14440 -37.29 30.91
14460 -37.04 30.43
14480 -36.86 29.16
14500 -36.26 30.65
14520 -36.11 35.2
14540 -36.14 26.8
14560 -36.14 27.47
14580 -36.98 26.88
14600 -35.81 25.84
14620 -36.74 33.62
14640 -37.48 36.92
14660 -37.52 33.51
14680 -37.97 48.65
14700 -40.64 94.83
14720 -41.96 124.63
14740 -42.47 152.43
14760 -40.81 141.22
14780 -41.03 176.65
14800 -39.92 141.62
14820 -40.68 146.64
14840 -42.44 159.28
14860 -40.78 168.68
14880 -41.18 180.47
14900 -40.14 185.46
14920 -41.47 165.14
14940 -41.76 186.27
14960 -41.65 170.82
14980 -40.88 173.6
15000 -42.61 222.13
15020 -42.37 260.12
15040 -41.54 187.59
15060 -43.17 181.56
15080 -39.98 192.26
15100 -43.51 221.39
15120 -42.76 245.42
15140 -40.12 173
15160 -42.26 197.67
15180 -42.99 189.27
15200 -42.08 236.66
15220 -40.57 224
15240 -43.57 245.49
15260 -40.55 215.99
15280 -44.91 220.43
15300 -41.99 263.44
15320 -41.29 181.81
15340 -42.08 154.93
15360 -40.75 150.95
15380 -40.66 178.94
15400 -40.04 182.94
15420 -43.26 199.59
15440 -42.38 206.52
15460 -42.89 NaN
15480 -41.61 181.88
15500 -41.95 205.26
15520 -43.57 190.77
15540 -41.88 154.65
15560 -43.21 172.21
15580 -44.56 220.03
15600 -42.31 190.64
15620 -42.15 175.93
15640 -42.12 165.73
15660 -42.2 214.99
15680 -40.39 244.67
15700 -43.5 219.36
15720 -43.08 175.58
15740 -44.63 178.46
15760 -42.79 198.69
15780 -44.02 271.9
15800 -43.85 190.19
15820 -40.21 195.78
15840 -41.7 188.85
15860 -41.15 224.32
15880 -40.81 158.79
15900 -43.15 242.99
15920 -42.98 245.55
15940 -41.55 188.06
15960 -40.53 196.44
15980 -41.6 271.87
16000 -41.94 285.79
16020 -42.3 247.22
16040 -41.42 212.62
16060 -41.29 267.22
16080 -42.99 264.61
16100 -44.97 315.96
16120 -43.25 261.51
16140 -40.35 269.62
16160 -43.59 292.57
16180 -41.86 313.92
16200 -41.64 295.54
16220 -44.27 NaN
16240 -39.89 238.34
16260 -42.36 218.47
16280 -41.99 297.71
16300 -40.71 217.19
16320 -42.1 211.14
16340 -42.33 254.25
16360 -42.5 221.05
16380 -39.74 242.72
16400 -42.81 306.67
16420 -41.62 231.45
16440 -40.74 269.5
16460 -42.58 299.69
16480 -41.26 276.64
16500 -41.18 307.61
16520 -38.29 203.15
16540 -40.38 240.11
16560 -41.68 271.68
16580 -41.52 340.23
16600 -40.58 287.82
16620 -42.77 289.08
16640 -42.78 290.93
16660 -40.88 235.35
16680 -41.55 274.69
16700 -40.65 298.18
16720 -42.69 317.99
16740 -39.36 222.47
16760 -40.72 318.23
16780 -41.8 321.08
16800 -40.92 261.34
16820 -39.26 257.21
16840 -40.64 265.91
16860 -39.46 207.02
16880 -40.35 249.3
16900 -40.3 285.95
16920 -42.1 271.98
16940 -41.25 325.07
16960 -42.41 304.97
16980 -40.69 325.93
17000 -42.12 333.87
17020 -40.42 252.29
17040 -42.23 285.05
17060 -40 278.33
17080 -39.76 266.99
17100 -38.99 255.3
17120 -42.35 297.55
17140 -39.8 278.03
17160 -40.26 235.65
17180 -40.48 249.35
17200 -40.56 317.23
17220 -40.17 358.43
17240 -41.24 270.82
17260 -42.24 315
17280 -39.81 253.3
17300 -39.8 256.23
17320 -41.58 359.59
17340 -40.55 368.08
17360 -40.64 281.76
17380 -39.94 329.81
17400 -41.25 383.91
17420 -42.94 404.28
17440 -42.38 406.96
17460 -41.52 296.5
17480 -40.75 357.25
17500 -40.72 285.89
17520 -41.49 318.73
17540 -41.22 277.32
17560 -38.85 263.9
17580 -40.46 225.88
17600 -41.85 248.99
17620 -39.58 272.96
17640 -39.7 220.64
17660 -40.89 232.61
17680 -40.04 175.68
17700 -40.7 181.17
17720 -42.53 251.53
17740 -41.35 177.91
17760 -41.31 187.11
17780 -41.04 186.41
17800 -40.9 144.09
17820 -38.95 140.99
17840 -41.45 198.34
17860 -42.4 255.41
17880 -43.36 211.33
17900 -41.14 238.58
17920 -40.93 202.32
17940 -42.52 334.2
17960 -41.74 207.76
17980 -43.47 264.38
18000 -42.27 275.37
18020 -42.68 311.4
18040 -41.83 294.44
18060 -40.5 244.69
18080 -42.77 189.96
18100 -42.9 NaN
18120 -42.77 231.6
18140 -42.99 205.55
18160 -40.6 207.06
18180 -40.68 176.66
18200 -40.98 234.77
18220 -42.25 257.44
18240 -41.83 231.2
18260 -41.63 238.78
18280 -44.35 229.17
18300 -42.17 236.47
18320 -40.74 190.62
18340 -43.78 260.76
18360 -42.4 168.15
18380 -43.02 249.75
18400 -42.35 220.12
18420 -41.89 169.72
18440 -42.12 183.79
18460 -42.25 154.66
18480 -42.82 192.12
18500 -40.04 158.27
18520 -42.21 216
18540 -41.75 144.13
18560 -39.92 142.55
18580 -40.92 185.93
18600 -42.85 190.72
18620 -41.37 182.22
18640 -40.41 188.16
18660 -40.96 187.19
18680 -40.12 175.4
18700 -41.7 213.7
18720 -41.13 213.86
18740 -41.01 213.82
18760 -42.66 223.59
18780 -42.25 172.86
18800 -41.46 171.22
18820 -41.24 200.77
18840 -40.87 184.97
18860 -41.97 156.09
18880 -40.39 163.82
18900 -40.26 188.96
18920 -42.36 328.26
18940 -42.09 208.16
18960 -40.85 217.32
18980 -42.11 173.73
19000 -41.29 225.83
19020 -42.16 208
19040 -40.04 172.98
19060 -42.61 175.21
19080 -41.81 135.01
19100 -42.03 186.3
19120 -41.5 240.55
19140 -42.48 200.96
19160 -42.75 300.45
19180 -41.38 208.96
19200 -43.74 244.37
19220 -42.52 232.37
19240 -40.54 233.57
19260 -43.75 202.17
19280 -41.23 192.62
19300 -42.72 236.75
19320 -40.42 165.57
19340 -41.28 136
19360 -41.68 136.29
19380 -41.75 157.25
19400 -42.86 171.84
19420 -43.07 196.49
19440 -42.36 220.74
19460 -40.85 185.74
19480 -41.35 169.1
19500 -42.17 177.11
19520 -41.37 185.99
19540 -42.65 NaN
19560 -40.93 159.96
19580 -42.56 206.71
19600 -40.46 176.9
19620 -40.83 220.21
19640 -40.89 165.01
19660 -41.84 212.39
19680 -39.93 185.4
19700 -41.5 234.09
19720 -42.05 203.01
19740 -41.43 269.58
19760 -41.4 193
19780 -41.63 265.03
19800 -42.8 254.06
19820 -43.02 272.64
19840 -41.4 209.87
19860 -40.22 161.65
19880 -40.69 166.72
19900 -41.43 306.3
19920 -40.66 224.3
19940 -41.6 159.09
19960 -42.62 218.63
19980 -42.14 200.12
20000 -42.66 252.19
20020 -41.97 222.14
20040 -41.69 190.81
20060 -42.76 269.46
20080 -42.71 254.57
20100 -41.33 282.59
20120 -42.68 214.97
20140 -42.01 206.32
20160 -42.6 189.9
20180 -42.19 159.16
20200 -42.79 182.73
20220 -40.37 151.42
20240 -41.4 152.74
20260 -42.46 184.31
20280 -42.54 227.77
20300 -41.92 224.71
20320 -42.38 156.91
20340 -43.13 203.08
20360 -41.86 180.21
20380 -43.12 251.33
20400 -44.51 279.54
20420 -42.45 302.87
20440 -43.21 330.67
20460 -43.52 221.19
20480 -42.04 218.42
20500 -41.92 229.83
20520 -43.2 203.71
20540 -43.36 231.89
20560 -44.97 308.13
20580 -42.52 211.72
20600 -42.06 198.29
20620 -41.89 145.2
20640 -42.42 166.55
20660 -40.62 201.03
20680 -40.09 130.52
20700 -43.6 225.28
20720 -42.12 178.11
20740 -39.93 177.02
20760 -42.75 211.73
20780 -42.39 228.91
20800 -42.98 274.65
20820 -40.72 238.84
20840 -43.35 226.34
20860 -42.55 210.96
20880 -42.08 234.27
20900 -43.27 290.63
20920 -42.27 281.69
20940 -43.93 272.63
20960 -42.95 223.45
20980 -43.09 259.26
21000 -44.85 292.98
21020 -43.5 216.78
21040 -42.52 213.99
21060 -42.26 272.86
21080 -43.68 310.18
21100 -43.31 224.47
21120 -42.63 298.33
21140 -41.83 257.85
21160 -42.08 258.29
21180 -41.92 254.36
21200 -43.89 293.25
21220 -42.88 278.69
21240 -43.91 305.59
21260 -42.58 257.13
21280 -42.68 219.33
21300 -41.02 245.96
21320 -41.96 NaN
21340 -42.42 NaN
21360 -43.83 282.39
21380 -42.06 243.08
21400 -42.52 288.55
21420 -43.75 319.73
21440 -41.22 275.61
21460 -42.34 250.88
21480 -43.06 312.51
21500 -44.58 335.52
21520 -41.88 304.4
21540 -42.04 290.4
21560 -42.86 279.08
21580 -42.1 282.11
21600 -41.02 328.27
21620 -42.87 324.51
21640 -41.93 282.92
21660 -43.4 316.44
21680 -42.04 324.23
21700 -41.6 368.7
21720 -44.16 409.91
21740 -43.94 344.63
21760 -42.49 369.55
21780 -43.68 412.87
21800 -43.51 288.32
21820 -43.1 278.88
21840 -42.76 291.78
21860 -43.59 294.93
21880 -43.13 211.73
21900 -41.36 208.39
21920 -41.9 283.75
21940 -42.24 269.37
21960 -42.45 292.54
21980 -42.68 265.2
22000 -42.6 248.23
22020 -42.55 245.8
22040 -41.88 312.19
22060 -40.51 226.08
22080 -43.27 250.97
22100 -40.99 244.28
22120 -43.28 281.49
22140 -42.03 294.58
22160 -41 275.18
22180 -42.17 309.97
22200 -41.51 243.94
22220 -41.53 296.83
22240 -41.15 247.2
22260 -41.44 258.3
22280 -42.32 312.69
22300 -42.41 293.5
22320 -43.05 305.87
22340 -42.69 301.02
22360 -41.05 278.96
22380 -43.67 324.17
22400 -42.38 321.33
22420 -43.47 221.75
22440 -42.36 225.03
22460 -42.51 243.18
22480 -41.82 215.78
22500 -42 262.52
22520 -43.97 312.13
22540 -43.04 236.6
22560 -42.77 249.57
22580 -42.05 194.5
22600 -42.34 231.41
22620 -41.7 280.45
22640 -42.74 316.51
22660 -42.96 249.84
22680 -43.02 267.02
22700 -43.31 292.59
22720 -42.72 234.87
22740 -40.56 NaN
22760 -40.83 244.85
22780 -40.19 208.74
22800 -42.56 245.05
22820 -41.26 242.22
22840 -42.21 261.25
22860 -41.82 238.83
22880 -43.69 290.65
22900 -42.37 283.01
22920 -41.04 129.15
22940 -42.02 123.85
22960 -40.35 116.49
22980 -41.31 128.39
23000 -41.83 153.84
